/9595887067
/3490611524
/8699572373
/6853700843
/8780838388
/8672567714
/5905096628
/9135541538
/1162227930
/5304451895
/2668986384
/9817186096
/1218860648
/6849967671
/8532542242
/8192700545
/4327181333
/9745426855
/6833481320
/3401942691
/4433558600
/4955559524
/6748882268
/4851949818
/2064166503
/1114530127
2615826699
1296709613
5186299129
8782876192
1899404181
4809564739
6688197880
5206097204
6982047065
3668853327
3401942691
6814174068
1258606439
9270075436
8802030236
7541119589
2796261228
2407265145
9394468599
5742069252
3133210219
1636094035
9862666560
5654679810
1363377086
7769937397
2341572769
2625731954
5929077876
8756502000
1953972242
7564635715
1547357966
4825838023
6035527318
8582578984
2631039588
4285052185
6169128245
5561036228
4464406933
1841845984
5401778566
1225200389
6947182973
8548599998
5972550495
9110430929
7613463863
3827926127
4983476701
6493832181
1972478860
1826962693
3729981973
1179168262
3590551473
6035634889
1646720305
8157278868
5937890625
4638351734
9647479056
6242833700
4669570206
6527473708
1995492840
5564963955
6384278152
4185874683
3675488260
7852375912
3706675101
4815115431
3184458722
9266461825
5848155010
9726818083
4185054834
2910988729
9358004206
5234443444
2621557255
7660448333
1671226938
1398771564
2652708784
8477997471
1015405288
6463442670
5875135102
4355542702
1719239071
6689241460
8113700935
9258557545